1000
1 424
1 762
1 176
2 148
2 631
2 503
2 31
2 683
3 796
3 812
3 545
3 560
3 515
3 861
3 218
4 513
4 162
4 583
4 853
4 131
4 829
5 848
5 12
5 243
5 763
5 157
6 573
7 714
7 144
7 551
7 137
7 837
7 555
8 918
8 885
9 824
9 951
9 912
9 242
10 490
10 712
10 750
10 504
10 45
10 853
10 818
10 868
11 334
11 137
11 509
12 885
12 612
12 320
13 938
13 904
13 534
13 114
13 305
13 411
13 450
13 522
13 506
13 358
14 992
14 230
14 162
14 37
14 904
14 511
14 505
14 61
14 544
15 359
15 799
15 997
15 727
15 631
16 450
16 133
16 642
16 478
17 440
17 595
18 301
18 598
19 308
19 200
19 481
19 527
19 995
19 369
19 722
19 497
19 473
19 180
20 667
20 620
20 237
20 216
20 927
20 139
20 320
20 37
20 584
20 200
21 592
21 424
21 270
21 765
21 536
21 74
21 838
21 509
21 722
22 674
22 663
22 427
22 86
22 851
22 844
22 551
22 261
22 737
22 77
23 471
23 536
23 653
23 698
24 661
24 530
24 680
24 290
24 274
24 583
24 40
24 546
24 419
24 620
25 753
25 516
26 515
26 41
26 257
26 411
27 443
27 115
27 344
27 73
27 856
27 382
27 650
27 452
28 397
28 112
28 324
28 540
28 696
29 684
29 625
29 459
30 323
30 461
31 388
31 502
31 434
31 184
31 821
32 106
32 485
32 470
32 108
32 253
32 596
32 842
33 846
33 489
33 962
33 954
33 570
33 881
33 13
33 948
34 487
34 129
34 258
34 831
34 142
34 587
34 925
35 208
35 829
36 25
36 984
36 745
36 208
37 601
37 714
38 681
38 663
39 598
39 819
39 771
39 241
39 522
39 734
39 641
39 300
40 274
40 761
40 465
40 951
40 406
40 383
40 955
40 386
40 123
40 779
41 711
41 439
41 315
41 346
42 50
42 406
42 576
42 825
43 631
43 838
43 242
43 543
43 398
43 128
43 44
43 7
44 194
44 598
44 715
44 677
44 474
44 830
44 243
45 315
45 193
45 398
45 195
45 752
45 233
45 49
45 721
45 214
46 503
46 678
46 909
46 161
46 395
46 255
47 429
47 88
47 768
48 616
48 418
48 565
48 947
48 564
48 433
49 689
49 765
49 855
49 452
49 774
49 474
49 335
49 302
49 517
49 131
50 328
50 186
50 940
51 798
51 90
51 918
51 403
51 989
51 615
51 601
51 746
51 212
52 572
52 425
52 280
52 892
52 403
53 38
53 682
53 422
53 140
54 134
54 654
54 481
54 37
54 138
54 60
55 984
55 803
55 647
55 352
55 807
56 391
56 256
56 610
56 697
56 550
56 32
56 869
56 144
57 794
57 873
57 315
58 873
58 234
58 190
58 799
58 113
58 872
58 402
58 826
58 332
59 925
60 312
60 946
61 935
61 186
61 40
61 940
61 421
61 829
62 708
62 46
62 704
62 234
62 745
62 461
62 625
62 70
62 885
63 459
63 412
63 130
64 145
64 845
65 823
65 142
65 755
65 860
65 903
65 888
66 976
66 583
67 884
67 34
67 203
67 461
67 719
67 738
67 160
68 165
68 108
68 218
68 732
68 442
69 281
69 943
69 880
69 992
69 822
69 815
70 961
70 655
70 944
70 285
70 78
70 686
71 673
71 223
72 166
73 82
73 338
73 436
74 22
74 176
74 205
74 451
75 260
75 654
76 623
76 637
76 917
76 29
76 38
76 844
77 730
77 502
77 280
77 949
77 556
77 875
77 437
77 882
78 38
78 695
79 546
79 831
79 506
79 221
79 275
79 210
79 926
79 295
80 984
80 915
80 54
80 136
80 443
80 371
80 1000
80 471
81 297
81 798
81 26
81 190
81 837
81 555
82 644
82 561
82 110
82 789
83 722
83 383
84 648
85 573
86 145
86 289
86 135
87 928
87 422
87 224
87 183
87 933
87 902
87 951
87 170
88 479
88 540
88 285
88 829
89 139
89 840
89 880
89 998
89 243
89 921
89 153
90 594
90 112
90 263
91 890
91 698
91 140
91 773
92 286
93 879
93 845
93 863
93 990
93 674
93 796
93 701
93 157
93 201
93 242
94 386
95 859
95 277
95 324
95 923
95 73
95 24
95 383
95 640
96 358
96 173
96 542
97 917
97 885
97 695
97 75
97 819
98 365
98 29
98 504
98 214
98 702
98 388
99 648
99 79
99 41
99 680
99 970
99 694
99 435
99 103
100 25
100 648
100 984
100 438
100 219
100 381
100 847
100 80
101 969
102 743
102 923
102 917
102 511
102 978
102 20
102 124
102 546
103 87
103 148
103 183
103 778
103 686
103 508
104 828
104 968
104 778
104 50
104 799
105 779
105 611
105 979
105 319
105 52
105 225
105 711
105 694
105 2
106 616
106 569
106 330
106 325
106 678
106 353
106 754
106 560
106 113
106 183
107 640
107 839
107 317
108 82
109 614
109 662
109 417
109 268
109 573
110 153
110 432
110 132
110 723
110 894
110 280
110 732
110 918
110 219
111 343
111 79
111 628
111 124
112 774
112 100
112 492
112 630
112 83
112 280
112 888
112 464
112 456
113 826
113 451
113 379
113 334
113 729
114 698
114 247
114 651
114 631
115 478
115 463
115 982
115 888
115 309
115 67
116 915
116 35
116 579
116 955
116 430
116 758
116 802
116 766
117 85
117 344
117 879
117 975
117 892
117 465
118 914
118 663
118 32
118 111
118 490
118 347
118 30
118 576
119 358
119 379
119 144
119 725
119 185
119 589
120 636
120 206
120 51
120 801
120 367
120 470
120 742
121 154
121 953
121 170
121 698
121 450
121 235
122 85
122 500
122 450
122 67
122 654
122 947
122 342
123 503
123 763
123 16
123 88
123 282
123 640
123 921
123 793
124 441
124 19
124 928
125 440
125 692
125 329
125 421
125 986
125 16
125 406
125 196
126 308
127 36
127 228
127 973
127 638
127 790
127 4
127 722
127 577
127 29
127 316
128 388
128 57
128 464
128 193
128 821
128 95
128 738
128 160
128 606
128 881
129 503
129 12
129 228
130 457
130 824
130 403
130 957
130 584
130 542
130 300
130 749
130 595
131 148
131 264
131 650
131 415
131 326
131 185
131 378
132 53
132 299
132 873
133 679
133 512
133 507
133 795
134 810
134 423
134 430
134 636
135 9
135 149
136 174
136 252
137 235
137 607
138 381
138 37
138 134
138 980
138 575
138 339
138 259
138 283
139 895
139 265
139 224
139 726
139 307
139 12
139 799
139 762
139 150
140 359
140 639
140 654
140 88
140 202
140 935
140 874
140 700
140 391
140 296
141 164
141 997
142 564
142 402
143 992
143 599
143 496
143 632
143 402
143 641
144 65
145 807
145 703
146 556
146 422
146 637
146 725
146 190
146 188
147 468
147 451
147 732
147 676
147 716
147 566
147 285
147 32
147 728
147 170
148 922
148 186
148 484
148 430
148 701
148 187
148 126
148 41
149 129
149 527
149 576
149 457
149 133
149 33
149 493
149 395
149 328
150 203
150 474
150 744
150 284
150 163
150 824
150 274
151 648
151 656
151 88
151 726
151 508
151 822
151 215
151 443
151 532
151 69
152 88
152 195
153 641
153 810
153 592
153 598
154 752
154 477
154 401
154 665
154 429
154 177
154 84
154 633
155 762
155 419
155 423
155 544
155 839
155 283
155 265
155 771
155 745
155 948
156 163
156 496
156 680
156 475
156 873
156 896
156 542
156 89
157 444
157 179
157 497
158 533
158 123
158 712
158 683
158 3
159 103
159 104
159 864
159 283
159 731
159 658
159 137
159 239
160 623
161 22
161 837
161 197
161 36
161 340
161 34
161 141
162 214
162 149
162 789
162 939
162 108
163 956
163 201
163 350
163 577
163 336
163 560
163 84
163 812
164 645
164 54
164 487
164 557
165 473
165 731
166 865
166 311
166 40
166 710
166 962
166 575
167 311
167 405
167 575
167 765
167 291
167 484
167 153
167 470
168 214
168 498
168 86
168 581
168 612
169 889
169 697
169 432
169 306
169 775
169 296
169 32
170 332
170 478
170 561
170 938
170 373
170 551
171 449
172 564
172 775
172 933
173 288
173 367
173 954
173 258
173 818
173 56
173 896
173 672
174 928
174 981
174 672
174 230
174 863
174 204
174 207
175 838
175 563
175 327
175 626
175 488
176 890
176 471
176 84
176 780
176 695
176 659
176 601
176 259
177 95
177 447
177 448
177 493
177 276
177 570
177 355
177 996
178 603
179 856
179 390
180 883
180 840
180 62
180 123
180 211
181 933
182 550
182 930
182 23
182 233
182 796
182 824
182 65
182 835
182 469
183 272
183 949
183 488
183 735
183 487
184 214
184 409
184 27
184 902
184 678
185 412
185 140
185 807
185 254
185 762
185 738
185 637
185 374
186 818
186 305
187 938
187 396
187 146
188 724
188 391
188 213
188 337
188 147
188 887
188 493
188 987
188 896
188 983
189 641
189 36
189 906
189 469
189 862
189 692
189 831
189 326
190 160
190 731
191 664
191 766
191 701
191 121
191 629
191 757
191 761
191 572
191 905
192 301
192 636
192 498
193 182
193 708
193 814
193 185
193 472
193 984
193 225
194 416
194 648
194 996
194 903
194 890
195 860
195 471
195 12
196 537
196 837
196 133
196 381
196 839
197 947
198 957
199 294
199 320
199 681
199 566
200 519
200 797
200 951
200 463
200 141
200 957
200 407
200 564
200 879
201 863
201 97
202 831
202 592
202 210
203 681
203 410
204 671
204 646
205 470
205 85
205 312
205 351
206 730
206 33
207 549
207 383
207 643
207 556
207 654
207 219
207 677
207 518
207 376
207 295
208 494
208 13
208 993
208 354
208 471
208 291
208 656
208 639
208 338
209 757
209 191
210 353
210 586
210 78
211 167
211 174
211 77
211 878
211 745
211 475
211 693
211 773
211 415
212 724
212 247
212 536
212 349
212 934
213 195
213 667
213 59
214 339
214 730
214 518
214 835
214 343
214 597
214 426
214 51
214 896
214 910
215 288
215 450
215 70
215 814
215 715
215 140
215 627
215 68
216 665
216 723
216 535
216 49
216 21
216 403
216 772
216 125
217 903
217 774
217 404
218 85
218 280
219 393
219 55
219 941
219 402
219 856
219 877
220 805
220 706
221 917
222 3
222 380
222 425
222 874
222 182
223 57
223 475
223 893
223 366
223 441
223 910
223 749
224 626
224 307
224 289
224 437
224 228
224 309
224 133
225 323
225 201
225 301
225 120
225 399
226 222
226 773
227 381
227 169
227 447
227 192
227 106
227 129
227 1000
228 514
228 838
228 39
228 321
228 981
228 398
228 996
228 675
229 933
229 468
229 84
229 630
229 651
229 956
229 488
229 149
230 932
230 77
230 88
230 78
230 161
230 726
230 379
230 17
231 806
232 274
232 153
232 104
232 815
233 566
233 190
233 14
233 159
233 558
233 603
233 381
233 374
233 21
233 860
234 829
234 82
234 150
234 102
234 863
234 27
234 573
234 342
234 528
235 571
235 658
235 467
236 541
236 209
236 61
236 871
236 812
236 46
237 730
237 61
237 88
237 136
237 601
237 650
237 238
238 896
238 386
238 393
238 708
238 698
238 103
238 764
238 109
238 191
239 307
239 717
239 354
239 681
240 609
240 895
240 257
241 500
241 844
241 612
241 47
241 471
242 471
242 338
242 233
242 539
242 50
242 102
242 783
242 601
243 710
243 769
243 5
243 644
243 116
243 896
243 520
244 726
245 869
245 973
245 649
245 855
245 999
246 438
246 625
246 948
246 151
247 126
247 211
247 718
247 834
247 497
247 39
247 796
247 464
247 364
247 462
248 78
248 670
248 358
248 747
248 471
249 969
249 836
249 527
250 675
250 40
250 985
251 292
251 381
251 507
251 773
252 241
252 755
252 462
252 499
252 724
252 102
252 494
252 401
252 778
252 949
253 293
253 897
253 406
253 995
253 663
253 123
253 427
253 146
253 917
253 63
254 807
254 609
254 723
254 595
254 536
254 259
255 582
255 188
255 332
255 424
255 741
255 641
255 563
256 760
256 100
256 834
256 134
256 306
256 417
256 696
256 359
256 736
256 308
257 618
257 588
257 974
257 581
257 692
257 811
257 956
258 130
258 472
258 104
258 305
258 588
258 153
258 610
258 758
258 561
258 634
259 128
259 400
259 900
259 998
260 146
260 813
260 898
260 68
260 552
260 952
260 735
261 816
261 416
261 963
261 910
261 863
262 996
262 717
262 456
262 920
262 95
262 391
262 947
262 132
262 781
263 160
264 60
264 523
264 714
264 179
264 954
264 579
264 418
265 717
265 694
265 761
265 149
265 365
265 947
265 612
265 238
265 676
265 571
266 390
266 40
266 32
266 926
266 481
266 376
267 231
267 148
268 806
268 505
268 320
268 854
268 501
268 624
268 924
268 78
268 439
268 359
269 340
269 161
269 714
269 745
269 475
269 8
269 2
269 200
269 85
270 713
270 42
270 137
270 766
270 806
270 977
270 940
270 568
271 336
272 986
272 133
272 61
272 643
272 46
272 722
272 20
272 562
273 848
273 912
273 54
273 98
273 133
273 332
273 479
273 12
273 406
274 169
274 312
274 38
274 552
274 885
274 285
274 327
274 431
274 283
274 108
275 912
275 544
275 371
275 950
275 505
276 34
276 870
276 941
276 322
277 762
277 226
277 388
277 552
277 709
277 280
277 28
277 533
278 853
278 476
278 793
278 534
278 808
278 104
279 282
279 944
279 191
279 766
279 573
279 74
279 69
279 396
279 728
280 625
280 238
280 905
280 19
280 985
280 167
280 4
280 388
281 883
281 95
281 90
281 364
281 393
282 167
282 844
282 991
283 751
284 479
284 968
285 775
285 110
285 684
285 858
285 353
286 88
286 658
286 222
286 580
286 42
286 381
286 291
287 31
287 377
287 683
287 627
287 293
287 245
288 767
288 546
288 670
288 849
288 482
288 560
288 63
288 193
288 506
289 398
289 258
289 106
289 290
289 939
289 814
289 608
289 152
290 260
290 897
290 871
290 672
290 75
290 245
290 640
290 815
290 266
290 506
291 640
292 187
292 672
292 27
292 314
292 779
292 983
292 456
292 633
292 617
292 852
293 722
293 283
293 491
293 137
293 90
293 75
293 768
293 837
294 426
294 260
294 57
294 692
294 32
294 275
294 928
294 483
294 587
295 306
295 361
295 418
295 70
295 137
295 166
295 31
295 267
295 508
295 165
296 932
297 624
297 505
298 228
299 129
299 163
299 42
299 49
299 214
299 659
299 904
299 51
299 211
299 869
300 143
300 76
300 884
300 924
301 617
301 175
301 514
301 11
301 710
301 499
302 465
303 421
303 185
303 439
303 98
303 420
303 31
303 619
303 864
303 127
304 299
304 883
304 113
304 659
304 913
304 736
305 495
305 288
305 332
305 916
305 599
305 202
305 155
305 911
306 234
306 181
306 958
307 777
307 310
307 383
307 616
307 75
307 618
307 906
307 353
307 710
308 487
308 874
308 142
308 554
308 846
309 311
309 145
309 900
309 567
310 87
310 199
310 136
310 510
310 124
311 864
311 993
312 860
312 812
312 698
312 229
312 919
312 991
312 145
312 717
313 985
313 227
313 949
313 409
313 681
313 780
314 838
314 348
314 622
314 818
314 300
314 308
314 265
314 976
314 434
314 972
315 703
315 47
315 19
315 98
315 589
315 462
316 800
317 839
317 473
317 676
317 670
317 645
317 720
318 52
318 990
318 398
318 144
318 329
319 746
319 16
319 24
319 798
319 80
320 167
320 612
320 720
320 623
320 504
320 655
320 65
320 844
320 681
320 512
321 86
321 668
321 782
321 841
321 799
321 835
321 901
321 753
321 393
322 373
322 110
322 870
322 830
322 743
322 344
322 914
322 218
322 131
322 601
323 196
323 331
323 847
323 492
324 611
324 157
324 97
324 189
324 361
324 618
324 524
325 435
325 238
325 127
325 884
325 33
325 974
325 292
326 618
326 487
326 400
326 684
326 999
326 558
326 991
326 805
326 644
326 232
327 134
327 367
327 713
327 156
328 720
328 59
328 79
328 225
328 301
328 679
328 339
329 652
329 697
329 111
329 361
329 951
329 231
329 48
329 91
329 745
329 506
330 273
330 575
330 409
330 517
331 204
331 859
331 90
331 485
331 869
331 453
331 779
332 192
332 867
332 649
332 507
332 31
332 350
332 380
332 424
332 841
333 756
333 938
333 337
333 418
333 939
333 666
333 183
334 303
334 15
334 450
334 825
334 960
334 81
334 516
335 612
335 885
335 903
335 969
335 25
335 511
335 971
335 797
335 29
336 278
336 712
337 388
337 810
337 78
337 358
337 819
337 40
337 729
338 524
338 345
338 812
338 724
338 734
339 685
339 190
340 761
340 407
340 592
340 428
340 68
340 297
340 142
340 542
341 618
341 206
341 345
341 882
341 916
341 580
341 17
341 468
341 743
341 771
342 234
342 391
342 289
342 138
342 417
342 880
343 440
343 733
343 995
343 295
343 375
343 64
343 541
344 512
344 539
344 65
344 836
344 98
344 449
344 912
344 958
345 485
345 101
345 4
346 625
346 513
346 849
346 610
346 822
346 508
346 33
346 119
346 137
347 293
347 419
347 865
347 323
347 690
347 148
347 491
348 608
348 605
348 526
348 607
348 949
348 56
348 486
348 751
348 932
348 92
349 636
349 588
349 994
350 333
350 230
350 452
351 380
351 578
351 239
351 648
351 773
351 662
351 362
351 164
351 859
351 113
352 213
352 734
352 135
352 447
352 400
352 837
352 642
353 839
353 261
354 643
354 343
354 919
355 129
356 34
356 223
356 796
357 917
357 382
357 94
357 36
357 961
357 337
357 184
357 70
357 348
357 600
358 1
358 198
358 527
358 157
358 812
358 150
358 371
359 243
360 161
360 429
360 238
360 637
360 917
360 164
360 15
360 330
360 177
361 704
361 673
361 273
362 701
362 166
362 313
363 273
363 222
363 5
363 104
363 754
363 863
363 768
363 707
364 400
364 353
364 942
365 317
365 811
365 213
365 992
365 155
365 945
365 496
365 181
365 513
366 149
366 403
366 600
366 450
366 845
366 654
367 262
367 100
367 663
368 232
368 14
368 237
368 611
368 549
368 903
368 387
368 28
368 359
369 269
369 730
370 65
370 631
370 670
370 336
370 466
371 593
371 723
371 195
371 112
372 15
372 777
372 55
372 703
372 736
372 972
372 868
372 581
372 722
373 91
373 928
373 673
373 766
373 628
373 888
373 983
374 249
374 876
374 396
374 471
374 480
375 503
375 49
375 107
375 709
375 556
375 394
375 202
376 56
376 236
376 855
377 104
377 325
377 522
378 982
378 267
378 195
378 256
378 124
378 675
379 74
379 728
379 391
379 197
379 941
379 231
379 538
379 256
379 281
379 732
380 578
380 168
380 677
380 767
380 115
380 460
381 439
382 141
382 742
382 308
382 730
383 921
384 291
384 66
385 176
385 676
385 701
385 767
385 311
385 999
386 372
386 788
386 847
386 99
387 416
387 761
387 838
387 475
387 879
387 67
387 458
387 871
387 206
387 400
388 143
388 271
388 452
389 516
389 875
389 264
389 12
389 406
389 305
389 20
390 874
390 830
390 97
390 935
391 697
391 362
392 887
392 702
393 697
393 726
393 72
394 188
394 953
394 336
394 568
394 451
395 286
396 252
396 718
396 514
397 60
397 840
397 96
397 352
398 414
398 352
398 504
398 169
398 721
398 202
398 447
398 755
398 338
398 557
399 659
399 696
399 190
399 902
399 511
399 114
399 402
400 382
400 384
400 377
400 625
400 691
400 319
400 475
400 465
401 439
402 855
402 113
402 973
403 246
403 712
403 744
403 335
403 968
403 815
403 18
404 666
404 537
404 267
404 554
404 471
404 326
404 183
405 191
405 333
405 930
405 206
406 915
406 377
406 400
406 324
406 957
407 180
407 749
407 124
407 483
407 839
407 561
408 776
408 947
408 522
408 70
408 190
408 324
408 615
408 308
408 863
409 643
410 892
410 362
410 535
410 227
410 670
410 305
411 886
411 500
411 21
411 511
411 599
411 109
411 492
412 307
412 620
413 4
413 601
413 832
413 248
413 584
414 796
414 229
415 697
415 757
415 310
415 716
415 222
416 352
416 961
416 823
416 69
416 755
416 851
416 462
416 229
417 986
417 776
417 444
417 770
417 643
417 660
417 524
417 329
417 123
418 667
418 360
418 123
418 674
418 796
418 814
418 356
418 439
418 501
419 713
419 936
419 915
419 570
419 444
419 762
419 591
419 67
419 21
420 33
420 891
421 236
421 246
421 566
421 349
421 720
421 190
421 529
422 380
422 640
422 969
422 683
422 569
423 740
423 674
423 859
423 57
423 422
423 808
423 987
423 508
424 608
424 420
424 336
424 780
424 908
424 184
425 119
425 64
425 861
425 163
425 922
425 527
426 657
426 700
427 916
427 582
427 689
428 312
428 50
428 263
428 830
428 890
429 83
429 72
429 803
430 967
431 614
431 930
431 20
431 847
431 749
431 270
431 321
432 929
432 1000
432 858
432 25
432 159
432 597
432 219
433 102
433 837
433 519
433 953
433 353
433 755
433 973
433 470
434 882
434 981
435 595
435 131
435 662
436 550
436 255
436 612
437 464
437 716
437 801
438 920
438 849
439 148
439 54
439 161
439 225
439 192
439 182
440 187
440 83
440 472
440 195
440 707
440 217
441 176
442 512
442 873
442 920
442 620
442 520
442 725
442 538
442 420
442 795
443 909
443 768
443 265
443 1000
443 485
443 588
444 433
444 775
444 839
444 183
444 973
444 881
445 993
445 71
445 4
445 424
445 707
445 59
446 77
446 512
446 2
446 780
446 148
446 171
446 884
447 472
447 233
447 69
447 564
447 511
447 979
447 441
447 434
448 373
448 98
448 242
448 8
448 605
448 392
448 979
449 475
449 386
449 934
450 251
450 889
450 911
450 304
450 656
450 516
450 116
450 206
451 130
451 974
451 776
451 633
451 163
451 735
451 681
451 944
451 614
451 929
452 374
452 465
452 191
452 740
452 113
453 783
454 316
454 929
455 913
455 761
455 751
455 625
456 212
456 675
456 497
456 381
456 83
456 287
456 491
456 467
456 909
457 669
457 216
457 516
457 867
457 211
457 724
457 318
458 54
458 995
458 978
458 885
458 207
458 734
458 360
458 590
458 398
459 575
459 620
459 250
459 750
460 164
460 94
460 393
460 306
460 264
460 263
461 369
461 591
461 366
461 978
461 560
461 639
461 340
461 220
462 987
462 286
462 337
462 679
462 103
462 554
462 99
462 689
462 648
462 730
463 444
463 21
463 66
463 728
464 156
464 596
464 525
464 217
464 498
464 879
464 761
464 988
465 6
465 919
465 755
465 821
465 193
465 934
466 371
466 75
466 356
466 268
466 532
466 359
466 505
466 355
466 695
467 307
467 976
467 279
467 159
467 333
467 79
467 799
467 332
467 622
467 285
468 227
468 171
468 139
468 807
468 765
468 894
468 556
468 694
468 262
468 95
469 252
469 834
469 661
469 538
469 657
469 298
470 698
470 999
470 814
470 338
470 883
470 493
471 987
471 917
471 111
471 601
471 476
471 449
471 969
471 936
471 608
471 336
472 202
472 678
473 889
473 877
473 624
473 929
473 34
473 827
473 306
473 439
474 85
474 694
474 354
474 76
474 425
474 843
474 664
475 537
475 172
475 231
475 954
475 34
476 134
477 126
477 817
477 45
477 47
477 830
477 620
477 942
477 872
477 105
478 717
478 151
478 818
478 343
478 464
478 530
479 470
479 39
479 737
479 241
479 49
479 412
479 941
479 850
479 236
480 231
480 156
480 287
480 857
480 783
480 128
480 971
480 954
481 871
481 768
481 743
481 583
482 41
482 272
482 164
483 308
483 564
483 77
483 258
483 821
483 798
483 176
483 405
483 31
483 313
484 986
484 322
484 324
485 899
485 931
485 915
485 966
486 898
486 372
486 397
486 783
486 265
486 100
486 273
486 877
486 92
487 436
487 49
487 695
487 373
487 106
487 652
487 378
487 145
487 701
488 431
488 231
488 509
488 126
488 481
488 810
488 886
489 317
489 684
489 918
489 671
489 85
490 884
490 877
490 943
490 303
491 149
491 362
492 975
492 479
492 562
492 587
492 40
493 598
493 628
493 410
493 856
493 992
493 927
493 922
493 179
493 522
493 347
494 440
494 748
494 882
494 739
494 506
494 742
494 539
494 390
494 966
494 976
495 99
495 583
495 221
495 133
495 109
495 319
495 620
495 61
495 318
496 196
496 352
496 645
496 99
496 624
497 705
497 500
497 37
497 551
497 564
497 374
497 659
497 474
498 772
498 847
498 568
498 940
498 743
498 679
498 415
498 684
498 982
498 887
499 79
499 817
499 535
499 28
499 894
499 518
499 417
500 1
500 159
501 276
501 230
501 841
501 130
501 947
501 906
501 898
501 909
502 88
502 739
503 446
503 168
503 513
503 129
504 685
504 588
504 507
504 647
504 874
504 422
504 215
504 854
505 389
505 148
505 408
505 333
506 912
506 153
507 415
507 486
507 757
507 761
507 926
507 111
507 952
507 351
508 689
508 519
508 717
508 242
509 579
509 959
509 983
510 229
510 919
510 250
510 975
510 574
510 596
510 257
510 220
510 911
511 126
511 455
511 538
511 212
512 766
512 690
513 396
513 834
513 843
513 895
513 514
513 55
513 702
513 781
513 714
514 124
514 190
515 487
515 556
516 541
516 931
517 844
517 777
517 189
517 173
517 178
517 928
517 38
517 309
517 174
518 7
518 190
518 981
518 17
518 210
519 351
519 734
519 772
519 292
519 102
519 974
519 402
519 883
520 71
520 749
520 897
520 81
521 674
522 248
522 958
522 89
522 539
522 872
522 226
522 261
523 394
523 558
523 935
523 278
523 138
523 856
523 325
523 454
523 855
524 969
525 49
525 251
525 936
526 857
526 79
526 294
527 272
527 667
527 390
527 170
527 473
527 362
527 445
527 466
527 520
527 503
528 229
528 974
528 161
528 200
528 908
528 280
529 110
529 166
529 470
529 679
529 337
529 996
529 536
529 472
530 799
530 431
530 708
530 909
530 911
530 451
530 118
531 243
531 603
531 359
531 639
531 591
531 679
531 898
532 611
532 370
532 283
532 44
532 12
532 612
532 740
532 538
532 485
532 123
533 647
533 650
533 9
533 167
533 891
533 550
533 885
533 998
534 210
534 605
534 344
534 394
534 883
534 825
535 651
535 543
535 733
535 646
536 651
536 964
536 315
536 316
536 871
536 832
536 150
536 442
537 72
538 459
538 22
538 722
538 626
538 914
538 433
538 60
539 1000
539 832
539 1
539 617
539 19
539 391
539 100
540 790
540 703
540 586
540 739
541 400
541 509
541 155
542 972
542 485
542 719
542 621
542 190
542 854
542 390
542 952
542 663
542 927
543 609
543 508
543 106
543 787
544 229
544 810
544 842
544 110
544 309
544 612
544 207
544 677
545 367
546 447
546 951
546 789
546 733
547 210
547 529
548 41
548 376
548 462
548 373
548 987
548 326
549 605
549 182
550 858
550 324
550 778
550 554
550 56
550 162
550 353
550 954
550 463
550 976
551 539
551 570
551 911
551 962
551 36
552 962
552 34
552 278
552 745
552 704
552 689
552 940
552 191
552 551
552 883
553 427
553 53
553 592
553 419
553 126
553 663
553 634
554 613
554 29
554 58
554 641
554 560
554 150
555 799
556 197
556 311
557 177
557 419
557 579
557 458
557 531
557 941
557 487
558 976
558 412
558 922
559 909
559 775
559 470
559 944
559 813
559 166
560 759
560 354
560 577
560 384
561 469
561 136
561 700
561 23
561 532
561 376
561 343
562 476
562 435
562 532
562 137
562 413
562 654
562 92
562 416
562 364
563 183
564 511
564 388
564 611
564 954
564 952
564 42
565 45
565 68
565 953
565 274
566 656
566 193
566 592
566 181
566 660
566 724
566 417
566 58
566 321
566 74
567 869
567 662
567 423
567 417
567 475
567 51
567 41
568 303
568 701
568 766
568 902
569 566
569 591
570 945
570 261
570 889
570 459
570 475
570 924
571 949
572 492
572 421
572 767
572 862
573 738
573 880
573 468
573 618
573 380
573 759
574 972
574 256
574 801
574 942
575 409
575 506
575 668
575 324
575 944
575 925
575 519
575 815
575 878
575 524
576 657
576 354
577 111
577 333
578 171
578 937
578 817
578 166
578 223
578 599
578 533
578 394
578 646
579 353
579 514
579 316
579 791
579 375
579 216
579 188
580 413
580 69
580 911
580 894
580 669
580 926
580 81
580 442
581 204
582 705
583 937
583 163
583 112
583 834
583 761
583 249
583 75
584 163
584 957
584 992
584 815
584 38
584 270
584 619
584 327
584 845
585 52
585 968
585 768
585 286
585 558
585 176
586 552
586 204
586 664
586 831
586 162
586 427
586 718
586 49
587 213
587 43
587 289
587 772
587 616
587 890
587 601
587 131
587 224
587 868
588 424
588 717
588 186
588 952
588 634
588 579
589 682
589 185
589 465
589 676
589 346
589 926
589 429
589 97
589 96
589 137
590 837
590 630
590 978
590 994
590 127
590 770
590 467
590 328
591 180
591 616
591 433
591 585
591 209
591 970
591 935
591 309
592 218
592 572
592 83
592 13
593 282
593 577
593 949
593 812
593 671
593 47
593 355
593 775
594 256
594 17
594 440
594 897
594 862
594 981
594 639
594 673
595 810
595 457
595 862
595 880
595 580
595 542
595 120
595 496
595 998
596 274
596 91
596 137
596 583
597 281
598 932
598 326
598 42
598 701
598 87
598 744
599 381
599 420
599 451
599 608
599 751
599 129
599 507
600 117
600 901
600 776
600 669
600 170
600 598
600 710
600 831
600 97
600 555
601 774
601 641
601 35
601 461
601 556
601 496
602 371
602 826
602 442
602 324
602 578
602 781
603 630
603 492
603 233
604 493
604 741
604 215
604 155
604 124
604 330
604 1
604 355
604 188
605 822
605 35
605 195
605 790
605 842
605 399
605 164
605 514
605 61
606 338
607 199
607 243
607 799
607 186
607 700
607 529
608 698
608 651
608 431
609 601
609 407
609 150
610 85
610 764
610 255
611 31
611 567
611 742
611 821
611 188
611 606
611 910
611 683
611 50
612 88
612 744
613 351
613 370
613 416
613 310
613 97
614 439
614 387
614 764
614 12
614 974
615 710
615 301
615 992
615 525
616 199
616 868
616 317
616 584
616 72
617 595
617 465
618 899
618 97
619 320
619 735
619 800
619 687
619 823
619 255
619 708
619 607
620 967
620 998
620 865
620 781
620 702
620 447
620 738
621 629
621 394
621 166
621 64
621 422
621 683
621 630
621 667
621 277
622 768
622 301
622 47
622 941
622 68
622 966
622 656
622 315
622 819
622 859
623 536
623 642
623 378
623 827
623 74
623 710
623 730
623 384
623 537
624 456
624 282
624 877
624 644
624 820
624 716
624 683
625 528
625 467
625 461
625 510
626 151
626 769
626 877
626 140
626 726
626 851
626 501
626 745
626 484
627 353
627 686
627 718
628 560
629 679
630 103
630 765
630 231
630 590
631 523
631 165
631 550
632 35
632 454
632 379
632 950
632 849
632 811
632 450
632 995
633 445
633 440
634 404
634 502
634 976
634 935
634 416
634 709
634 647
634 11
635 595
635 948
636 236
636 755
637 571
637 518
637 141
638 10
638 245
638 114
638 671
638 360
638 489
638 815
638 549
638 390
638 57
639 92
639 533
639 177
639 374
639 951
640 812
641 38
642 946
642 860
642 809
642 95
642 14
642 483
642 448
642 866
643 640
643 384
643 766
643 797
643 548
643 116
643 887
643 293
643 699
644 411
644 387
644 559
644 161
644 332
645 144
646 434
646 851
646 8
646 620
646 891
646 571
647 804
647 146
647 521
648 284
649 476
649 306
649 153
649 497
649 100
649 786
650 625
650 314
650 283
650 641
650 989
650 21
650 574
651 349
651 451
651 214
651 984
652 6
652 240
652 779
652 82
652 668
652 274
652 800
652 222
652 328
652 737
653 396
653 415
653 74
653 712
653 320
653 632
653 604
653 490
653 372
653 853
654 364
654 14
654 374
655 152
656 634
656 492
656 128
656 953
657 848
657 995
657 50
657 67
657 51
657 686
657 212
657 426
657 298
657 515
658 192
658 492
658 6
658 520
659 850
659 428
659 671
659 62
659 459
659 353
659 263
659 860
660 63
660 122
661 463
661 309
661 989
661 333
661 887
661 858
661 343
661 456
661 228
662 230
662 359
663 530
664 129
664 78
664 638
664 82
664 836
664 116
664 58
664 309
664 190
664 308
665 522
665 650
665 9
665 662
665 848
665 661
666 528
666 763
666 703
666 962
666 766
666 832
666 347
666 948
666 441
667 854
667 481
667 892
668 813
668 502
669 680
669 745
669 903
669 703
669 105
669 448
670 792
670 524
670 117
670 259
670 321
670 504
670 287
670 328
670 856
671 642
671 722
671 227
671 240
671 280
671 301
671 582
671 193
671 391
672 355
672 111
673 980
674 552
674 289
674 528
674 657
674 798
675 130
675 435
676 938
676 70
676 367
676 515
676 356
677 955
677 532
677 640
678 141
678 635
678 491
678 724
679 973
679 361
679 1000
679 933
680 909
680 334
680 736
680 902
680 631
680 49
680 266
680 64
681 178
682 502
682 433
682 257
682 11
682 325
682 57
682 168
682 795
683 488
683 219
683 526
684 779
684 930
684 669
684 412
684 917
685 634
685 956
686 817
686 417
686 42
686 53
686 354
686 556
686 575
687 665
687 696
687 961
687 385
688 123
688 676
688 430
688 216
688 720
689 347
689 340
689 349
689 458
689 836
689 25
689 950
689 893
689 81
690 359
690 2
690 316
690 706
690 748
691 365
691 296
692 909
692 573
692 445
692 71
692 473
692 681
693 155
693 172
693 845
693 423
694 411
694 390
694 727
694 436
694 909
694 632
694 525
694 933
695 568
695 493
696 841
696 598
696 912
696 546
696 334
696 981
696 872
696 491
696 207
696 478
697 192
697 662
698 879
699 708
699 96
699 218
700 877
700 31
700 979
700 890
701 857
701 569
701 501
701 46
701 109
701 742
701 395
702 724
702 93
702 118
702 615
702 276
703 760
704 374
704 44
704 871
704 808
704 772
704 960
704 349
704 550
705 117
705 907
705 388
705 872
705 391
705 22
705 176
706 414
706 648
706 674
706 939
706 579
706 642
707 706
707 140
707 883
707 392
707 517
707 157
707 730
707 869
708 571
708 279
708 290
708 859
708 820
708 833
708 932
708 315
708 666
708 434
709 944
709 647
709 14
709 80
709 8
709 504
709 165
709 624
709 829
710 314
710 176
711 113
711 703
711 336
711 635
711 491
711 573
711 604
711 746
711 814
711 163
712 617
712 956
712 889
712 483
712 260
712 777
712 245
712 982
713 866
713 314
713 754
713 916
714 525
714 769
714 684
714 150
714 221
714 194
715 504
715 769
715 965
715 671
715 317
715 56
716 147
716 926
716 576
717 734
717 362
717 384
717 360
717 985
717 590
717 103
718 772
718 243
719 574
719 128
719 226
720 505
721 113
721 604
721 355
721 296
721 737
722 472
722 19
722 435
722 918
722 680
723 317
723 955
724 610
724 972
724 525
724 479
724 167
724 727
724 574
724 45
725 14
725 475
725 144
725 557
725 687
726 668
726 380
726 609
726 454
726 699
727 211
728 276
728 315
728 882
728 328
728 919
728 396
728 902
728 852
728 661
729 883
729 927
729 557
729 275
730 763
730 105
730 178
730 554
730 988
730 375
730 198
730 864
731 412
731 134
731 281
732 501
732 802
732 733
732 986
733 898
733 24
733 406
733 41
734 315
735 251
735 181
735 238
735 927
736 681
736 251
736 873
736 491
736 714
736 666
736 765
736 234
737 421
737 893
737 473
737 90
738 535
738 418
738 756
738 486
738 439
738 523
738 514
738 557
739 652
739 205
739 824
739 289
740 219
740 411
740 893
740 529
740 306
740 404
740 298
740 163
741 993
741 112
741 48
741 432
741 897
741 561
742 353
743 350
743 879
744 38
744 526
744 169
744 467
744 448
745 276
745 802
745 566
745 362
745 78
745 546
745 540
745 163
746 203
746 197
746 2
746 993
746 760
746 962
746 319
747 42
747 473
747 402
747 564
747 364
747 837
747 219
747 247
747 659
748 466
749 733
749 573
749 181
749 618
749 7
749 813
750 721
750 644
750 122
750 301
750 589
751 362
751 785
751 94
751 473
751 812
751 126
751 481
751 221
751 400
752 326
752 442
752 198
752 503
752 18
752 925
752 156
752 308
753 284
753 127
753 649
753 820
753 169
753 267
754 26
754 620
754 797
754 12
754 384
754 735
754 722
754 393
754 282
754 479
755 40
755 759
755 749
755 916
755 92
755 448
755 862
755 497
755 396
755 325
756 18
756 279
756 282
756 639
757 798
758 608
758 141
758 712
758 832
758 861
758 430
759 828
759 471
759 18
759 838
759 624
760 765
761 485
762 562
762 233
762 677
762 951
762 494
762 64
762 560
762 749
762 752
762 141
763 907
763 655
763 622
763 34
763 410
763 606
763 88
763 96
763 746
763 583
764 472
764 311
764 430
764 896
765 948
765 608
765 512
765 248
765 322
765 229
766 781
766 936
766 602
766 412
767 318
767 847
767 980
767 420
767 258
767 414
767 666
767 900
768 949
768 55
768 807
768 779
768 636
768 894
768 317
768 180
769 267
769 30
769 734
769 831
770 941
770 334
770 405
770 469
770 886
771 459
771 340
771 967
771 627
771 911
771 979
771 664
771 480
771 384
772 573
772 399
772 473
772 718
772 935
772 610
772 506
772 258
773 989
773 65
773 634
773 590
773 878
773 33
774 752
774 879
774 892
774 502
774 726
774 708
774 911
774 409
775 83
775 504
775 590
776 528
776 846
777 783
777 297
777 895
777 934
777 374
778 36
778 439
778 4
778 77
778 947
778 594
778 3
779 34
779 735
779 299
779 296
779 842
779 734
779 24
779 730
780 829
780 251
780 616
780 668
780 679
780 585
780 122
780 57
780 773
781 961
781 463
782 40
782 431
782 480
783 15
783 400
783 501
783 960
783 535
783 919
784 316
784 347
784 137
784 292
784 389
784 453
785 567
785 546
785 17
785 40
785 291
786 531
786 593
787 926
787 172
787 261
787 302
788 567
789 988
789 517
790 388
790 349
790 912
790 229
791 759
791 944
791 757
791 658
791 556
791 709
791 238
791 691
791 331
792 199
792 38
793 953
793 96
793 698
793 365
794 937
794 191
794 515
794 477
794 907
794 514
794 400
794 722
794 102
794 894
795 717
795 294
795 630
795 729
795 415
796 229
796 183
796 252
796 562
797 852
797 941
797 471
798 831
798 81
798 998
798 932
798 571
799 939
799 269
799 651
800 44
801 319
801 148
801 378
801 663
801 78
801 61
801 374
801 103
801 963
801 158
802 186
802 258
802 576
802 353
802 967
802 724
803 414
803 469
803 821
803 163
803 982
803 58
803 331
803 696
803 397
803 673
804 428
804 395
805 116
805 193
805 992
805 912
806 830
806 64
806 292
806 589
806 360
806 91
806 771
806 57
806 864
806 646
807 72
807 847
807 350
807 650
807 546
807 470
807 545
807 703
807 975
808 753
808 416
808 968
808 855
808 522
808 627
808 885
808 700
808 682
808 579
809 733
809 110
809 752
810 789
810 230
811 487
811 444
811 380
811 409
811 402
811 278
811 186
811 341
811 521
811 463
812 581
813 210
813 287
814 84
814 305
814 620
814 697
814 295
815 332
815 841
815 500
815 737
815 90
815 676
816 687
816 543
816 8
816 976
816 804
816 552
816 649
816 823
816 805
817 661
817 570
817 680
817 464
817 455
817 467
817 133
817 919
817 171
818 905
818 756
818 172
818 138
818 304
818 920
818 309
818 734
818 133
818 256
819 478
819 923
819 943
820 305
820 471
820 161
821 721
821 628
822 597
822 754
822 180
822 128
823 374
823 314
823 460
823 657
823 956
824 740
824 700
824 112
824 990
824 309
825 176
825 185
825 963
825 721
825 745
825 402
826 959
826 14
826 661
826 891
826 618
827 663
827 539
827 475
828 772
828 887
828 283
829 809
829 539
829 825
829 304
829 840
829 161
829 867
829 36
829 911
830 74
830 646
830 453
831 747
831 742
831 358
831 327
831 101
831 830
831 734
832 439
832 428
832 489
833 476
833 964
834 988
834 651
834 947
834 683
835 207
835 319
835 405
835 976
835 224
835 415
835 502
835 541
836 512
837 686
837 109
837 477
837 433
837 435
837 73
837 370
837 135
837 117
837 466
838 245
838 771
838 341
838 377
838 476
838 650
838 230
838 978
838 379
839 254
839 405
839 440
840 991
840 550
840 329
840 247
840 892
840 232
840 419
840 531
840 497
841 206
841 813
841 938
842 415
842 98
842 34
842 115
843 453
843 979
843 254
844 171
844 293
844 997
844 76
844 910
844 789
845 507
845 345
845 957
845 260
845 358
846 351
846 562
847 137
847 265
847 276
847 116
847 643
847 360
847 752
847 178
847 705
847 307
848 538
848 459
848 596
848 296
848 428
848 816
848 299
849 461
849 341
849 370
849 490
849 385
849 1
849 654
849 752
850 316
850 249
850 694
850 508
850 64
850 551
850 578
850 166
851 995
851 115
851 923
851 818
851 140
851 512
851 191
852 71
853 725
853 47
853 339
853 575
853 920
853 94
853 90
853 247
854 377
854 85
854 512
854 978
854 865
854 107
855 801
855 64
855 507
856 84
856 90
857 893
857 321
857 820
857 356
857 69
857 213
857 556
858 914
858 950
858 228
858 327
858 971
858 859
858 483
858 689
858 536
858 830
859 975
859 767
859 795
859 528
859 596
859 324
859 373
859 552
859 800
859 574
860 659
860 642
860 246
860 737
860 121
860 858
861 245
861 167
862 282
862 742
862 760
862 587
862 898
863 325
863 940
863 461
864 418
864 144
864 686
864 644
864 493
865 230
865 580
865 676
865 165
865 530
866 530
866 871
866 337
866 344
866 226
866 598
866 768
866 653
866 603
866 696
867 852
867 850
867 783
867 878
867 231
868 71
868 213
868 800
868 450
868 700
868 756
869 312
869 653
869 264
869 565
869 959
869 62
870 421
870 191
870 225
870 190
870 280
871 233
871 801
871 833
871 275
871 307
871 323
871 161
871 667
871 73
871 757
872 725
873 607
873 169
873 48
873 86
873 639
873 807
873 259
873 196
874 74
874 579
875 832
875 331
875 353
875 248
875 906
875 75
875 381
875 766
875 575
876 545
876 198
876 267
876 972
876 17
876 966
877 855
877 216
877 252
878 321
878 756
879 994
880 534
880 992
880 13
880 622
880 62
880 283
881 205
881 524
881 863
882 333
882 875
882 809
882 122
882 448
882 630
882 119
882 923
883 408
883 140
883 810
883 693
883 333
884 422
884 40
884 30
885 600
885 871
885 607
885 809
885 359
885 805
885 981
885 971
885 330
886 226
887 319
887 758
888 220
888 86
888 608
888 808
888 848
888 614
888 508
888 236
888 68
889 757
890 875
890 627
890 905
890 383
890 661
890 397
890 590
890 233
891 895
891 690
891 148
892 305
893 234
893 848
893 659
893 121
893 220
893 918
893 775
893 823
894 442
894 303
894 200
895 348
895 885
895 87
895 120
895 882
895 170
895 850
895 715
896 632
896 25
896 794
897 403
898 227
898 831
898 426
898 152
898 997
898 86
898 978
898 63
898 962
898 169
899 340
899 338
899 791
899 819
899 633
899 383
899 853
900 204
900 724
900 499
900 252
900 497
900 861
900 302
901 55
902 857
902 448
902 338
902 206
902 848
903 210
903 353
903 280
903 690
903 104
903 434
903 208
904 425
904 885
904 902
905 166
905 455
905 475
905 995
906 60
906 563
906 425
906 243
906 485
906 98
906 460
906 165
906 437
906 423
907 79
907 980
907 683
907 753
907 681
907 239
907 726
907 757
907 447
908 425
908 906
908 391
909 113
909 833
909 388
909 362
909 934
909 629
909 820
909 788
909 506
910 452
910 672
910 624
910 749
911 251
911 400
911 587
911 866
911 961
911 2
911 887
911 319
911 620
912 225
912 697
912 113
912 374
912 614
912 465
912 362
912 219
912 282
912 711
913 39
913 703
913 329
913 226
913 544
913 644
913 424
913 79
914 798
914 221
914 833
914 264
914 597
915 84
915 714
915 929
915 270
915 5
915 635
915 537
916 357
916 47
916 32
916 20
916 48
916 803
916 295
916 886
916 859
917 164
917 746
917 527
917 862
917 851
917 191
917 182
918 284
918 410
918 864
918 800
918 572
918 621
918 464
919 701
919 836
919 213
919 932
919 50
919 414
919 489
919 631
919 81
919 161
920 163
920 231
920 543
920 354
921 539
921 723
921 149
921 577
921 763
921 698
922 780
922 472
922 566
922 483
923 231
923 984
923 13
924 170
924 136
924 24
924 926
924 503
924 143
925 719
926 977
926 876
926 827
927 663
927 325
927 956
927 569
927 855
927 339
927 799
927 92
927 793
927 254
928 864
928 337
928 613
928 648
929 41
929 860
929 26
929 236
929 28
929 165
930 255
931 846
931 550
931 721
931 191
931 579
931 126
931 901
932 709
932 890
932 164
932 409
932 260
932 799
932 750
932 148
933 693
933 366
933 164
933 275
934 384
934 170
934 642
934 179
934 255
934 186
934 507
934 429
935 451
935 341
935 873
935 953
935 296
935 745
935 807
936 557
936 970
936 41
936 368
936 219
936 156
936 918
936 73
937 164
937 339
937 747
937 128
938 601
938 916
938 810
938 850
938 815
939 666
939 307
939 386
939 291
939 986
940 828
940 782
940 809
940 177
940 322
940 822
940 406
940 556
940 677
940 550
941 356
942 368
942 876
942 512
942 754
942 535
942 644
942 57
942 262
942 269
942 556
943 169
943 840
943 644
944 990
945 905
945 986
945 296
945 790
945 971
945 503
945 10
945 30
945 105
945 152
946 440
946 990
946 667
946 906
946 561
946 277
946 494
946 558
947 285
947 83
948 816
948 292
949 908
949 909
949 411
949 975
949 867
949 409
949 957
949 72
949 960
949 339
950 309
950 698
950 512
950 91
951 859
951 359
951 234
951 362
951 417
951 669
951 696
952 424
952 578
952 200
952 488
952 315
952 480
952 579
952 907
952 239
952 111
953 982
953 563
953 281
953 352
953 717
954 984
955 59
955 385
955 365
955 424
955 457
955 416
955 874
955 261
955 850
956 764
956 70
956 388
956 325
956 666
956 934
956 271
956 947
956 301
956 709
957 992
957 759
957 241
957 81
957 381
957 124
957 840
958 402
958 850
958 92
958 893
958 504
958 927
958 886
958 995
959 188
959 457
959 756
959 553
959 68
959 993
960 768
961 849
961 674
961 33
961 282
961 235
961 170
961 292
961 575
961 777
962 715
962 427
962 652
962 683
962 802
962 605
962 543
963 615
963 678
963 655
963 246
963 285
964 598
964 617
964 340
964 266
965 563
965 17
965 959
966 781
966 995
966 579
966 375
966 44
966 772
967 700
967 957
967 742
967 765
967 704
967 609
967 449
967 833
967 239
968 79
968 577
968 851
968 91
968 145
968 370
969 749
969 456
969 479
969 228
969 303
969 533
969 243
970 640
971 774
971 611
971 968
972 395
972 952
973 569
973 364
973 6
973 720
973 282
973 452
973 137
973 639
974 572
974 189
974 714
975 83
975 845
975 2
975 45
975 545
975 226
975 294
975 116
975 481
975 970
976 242
976 889
976 798
976 246
976 685
976 11
976 845
976 659
976 82
976 904
977 152
977 263
977 235
977 996
977 616
977 697
977 51
977 978
977 46
977 276
978 660
978 544
978 754
978 945
979 537
979 645
979 451
979 78
980 883
980 28
980 25
980 251
980 894
980 53
980 633
980 136
980 371
980 514
981 544
982 294
982 115
982 673
982 14
982 434
982 536
983 625
984 932
984 104
985 464
985 622
985 657
985 308
985 718
986 853
986 993
986 426
986 872
986 331
986 158
986 82
986 410
987 510
987 642
987 765
987 349
988 845
988 533
989 163
989 316
989 702
989 106
989 891
989 446
989 902
990 208
990 435
990 799
990 594
990 141
990 927
990 321
990 288
991 230
991 467
991 93
991 262
991 258
991 97
991 985
991 544
991 113
992 102
992 601
992 148
992 315
992 747
992 336
993 973
994 655
994 140
994 514
994 205
994 506
994 222
994 950
994 237
995 357
995 399
995 733
995 63
995 998
995 559
996 555
996 850
997 988
997 746
997 756
997 324
998 91
998 809
998 602
998 320
998 512
998 524
998 575
998 72
998 341
998 847
999 230
999 417
999 550
999 242
999 41
999 424
1000 146
1000 247
